188315.000000
212262.000000
183957.000000
188119.000000
188052.000000
188099.000000
216218.000000
188029.000000
183860.000000
200087.000000
215889.000000
188095.000000
185139.000000
184042.000000
187957.000000
184264.000000
183808.000000
184054.000000
199956.000000
184008.000000
188036.000000
184344.000000
184166.000000
188164.000000
188141.000000
184088.000000
183927.000000
187987.000000
183537.000000
200472.000000
188142.000000
200219.000000
188142.000000
189240.000000
184175.000000
187648.000000
200239.000000
185829.000000
188046.000000
188027.000000
187906.000000
187851.000000
188179.000000
191983.000000
188221.000000
188579.000000
187994.000000
187963.000000
188035.000000
203946.000000
215849.000000
188099.000000
196222.000000
200387.000000
183926.000000
204376.000000
207862.000000
199903.000000
188165.000000
188186.000000
188052.000000
184142.000000
184236.000000
186500.000000
187825.000000
188401.000000
208265.000000
199942.000000
183889.000000
184155.000000
200217.000000
187861.000000
188080.000000
187817.000000
184627.000000
188196.000000
196189.000000
188115.000000
190450.000000
184440.000000
207926.000000
188008.000000
183775.000000
188201.000000
188028.000000
184124.000000
216001.000000
196161.000000
196133.000000
188227.000000
184153.000000
201407.000000
196270.000000
209297.000000
188059.000000
187982.000000
188077.000000
184149.000000
227777.000000
188091.000000
