379959.000000
375949.000000
370050.000000
376848.000000
371970.000000
378102.000000
384827.000000
389313.000000
383991.000000
405586.000000
412777.000000
391916.000000
396349.000000
372619.000000
388165.000000
385603.000000
371246.000000
390852.000000
372110.000000
374939.000000
372986.000000
372867.000000
386347.000000
380072.000000
374853.000000
392627.000000
374530.000000
407452.000000
370111.000000
371786.000000
383864.000000
380330.000000
412519.000000
379579.000000
379550.000000
374553.000000
381625.000000
372065.000000
382966.000000
387376.000000
375648.000000
379688.000000
375459.000000
376471.000000
375927.000000
392176.000000
383317.000000
386863.000000
377841.000000
411911.000000
394753.000000
372805.000000
384455.000000
376016.000000
377246.000000
381236.000000
406373.000000
381707.000000
405468.000000
377373.000000
377298.000000
373149.000000
374735.000000
376027.000000
388418.000000
375709.000000
368840.000000
388926.000000
368673.000000
371949.000000
376248.000000
414355.000000
379056.000000
376609.000000
401945.000000
397610.000000
386879.000000
400721.000000
374753.000000
371650.000000
370857.000000
367969.000000
369355.000000
372903.000000
370708.000000
370738.000000
381375.000000
383981.000000
380894.000000
385549.000000
386792.000000
382847.000000
374897.000000
383519.000000
384007.000000
367800.000000
372088.000000
375202.000000
375090.000000
376349.000000
