376944.000000
400865.000000
370365.000000
378147.000000
383610.000000
372725.000000
406249.000000
385968.000000
399733.000000
395936.000000
410493.000000
376920.000000
372669.000000
386818.000000
396910.000000
387320.000000
370559.000000
369696.000000
388092.000000
380271.000000
383898.000000
385548.000000
370293.000000
372772.000000
374805.000000
371155.000000
372819.000000
376015.000000
369152.000000
384647.000000
379819.000000
387667.000000
393443.000000
374329.000000
368171.000000
387358.000000
388207.000000
382376.000000
374341.000000
372352.000000
376884.000000
379830.000000
376261.000000
378325.000000
375789.000000
390918.000000
375919.000000
375807.000000
373075.000000
398038.000000
414173.000000
375157.000000
383204.000000
390993.000000
371334.000000
426817.000000
411600.000000
389590.000000
404575.000000
374398.000000
375974.000000
368093.000000
368255.000000
372728.000000
375615.000000
389035.000000
395126.000000
387413.000000
370925.000000
371555.000000
428680.000000
372998.000000
375593.000000
374853.000000
369829.000000
372959.000000
383926.000000
374829.000000
373974.000000
379977.000000
394231.000000
371856.000000
373896.000000
379262.000000
388287.000000
381855.000000
402648.000000
382801.000000
380474.000000
403718.000000
367633.000000
385087.000000
380782.000000
419549.000000
376016.000000
372644.000000
387662.000000
368928.000000
424597.000000
375084.000000
