477314.7680053711
197477.0239868164
210467.65699768066
199533.4119873047
196555.47900390625
199328.77799987793
210356.3989868164
196579.57400512695
198419.45600891113
662452.5189971924
200686.62200927734
198607.11700439453
197288.24600219727
390695.8699951172
414429.8759918213
199108.0830078125
221395.41300964355
202082.31600952148
195309.10400390625
197403.13400268555
198231.93200683594
214938.01899719238
199378.78498840332
214710.47999572754
200062.52600097656
196116.11099243164
244949.58401489258
202639.9940032959
200409.00401306152
195903.51600646973
196951.0540008545
196475.4400024414
225171.90600585938
209617.2149963379
216727.05799865723
197034.09399414062
240698.94799804688
197013.84399414062
220206.86700439453
196505.54299926758
196101.09700012207
200394.61799621582
196382.97200012207
196931.50299072266
198203.50900268555
220728.85600280762
195860.14500427246
197575.99198913574
197389.37699890137
197939.37098693848
197963.39700317383
198099.6549987793
198732.55200195312
199551.92100524902
198280.26399230957
197075.02200317383
211950.93798828125
195949.9589996338
196432.21099853516
225013.15899658203
198799.10900878906
195386.83599853516
198961.41999816895
211025.47999572754
194782.0829925537
214679.32998657227
196150.61099243164
208905.04899597168
207869.9409942627
196314.1790008545
206680.5529937744
195881.237991333
200113.9290008545
211812.23400878906
196046.90100097656
196248.18000793457
198136.39100646973
223999.4219970703
195040.9160003662
219947.61700439453
212918.7200012207
197684.0309906006
195166.41999816895
195306.17100524902
196316.13400268555
291785.68800354004
196601.85398864746
208816.49000549316
196605.27600097656
224299.38899230957
195133.3150024414
219245.72100830078
336292.9570007324
205905.8809967041
196085.51998901367
196578.5950012207
321437.5729980469
219801.44200134277
197016.42500305176
197467.66799926758
