198538.8800048828
199333.11000061035
196446.6670074463
217547.8869934082
198315.87899780273
212011.55200195312
212465.23599243164
196747.33099365234
198263.0110015869
198031.0709991455
197320.44200134277
211606.7619934082
196587.11500549316
219619.7859954834
197930.70999145508
223282.79000854492
203565.7320098877
209460.49099731445
196873.11199951172
212123.3740081787
234577.2739868164
197683.19500732422
199804.88499450684
225802.49800109863
197562.78900146484
201232.70500183105
213185.58099365234
288094.3990020752
199235.75300598145
196085.73100280762
196555.4100036621
196848.46200561523
195179.0599975586
195836.60900878906
208527.06900024414
213918.69799804688
259751.25700378418
199917.74501037598
207142.89799499512
221124.99198913574
197894.81199645996
198738.48699951172
198589.58599853516
207779.42401123047
198826.62600708008
195494.7389984131
199013.10000610352
198596.08100891113
196226.87800598145
197547.56600952148
200040.31399536133
196734.9700012207
200211.14700317383
198425.04299926758
197161.34600830078
198739.95399475098
211152.23999023438
196461.1959991455
199974.45599365234
197178.73599243164
195025.05799865723
204588.19900512695
198647.4160003662
199886.1790008545
196042.43200683594
209175.53900146484
195313.29399108887
197659.52200317383
196164.7200012207
194976.73100280762
209927.09700012207
195726.39999389648
198196.94400024414
206440.7920074463
197149.82299804688
199714.16299438477
198252.95600891113
210988.53399658203
196559.25100708008
212905.24198913574
195326.07400512695
197346.91500854492
198116.4160003662
210648.6190032959
195287.1730041504
382757.921005249
258591.06700134277
195987.32600402832
196504.56799316406
215419.99099731445
195855.32600402832
195771.09700012207
210206.31600952148
199348.9649963379
220034.22299194336
196220.2449951172
262661.5189971924
195543.34999084473
207432.11100769043
197107.8509979248
