199442.54901123047
201143.72399902344
200818.61599731445
212402.51899719238
198350.87100219727
200267.01599121094
203826.93200683594
200972.0599975586
358242.88299560547
260518.3860015869
391363.47399902344
199418.52700805664
198716.13899230957
209854.0419921875
200671.3980102539
221296.5890045166
199897.6309967041
197715.94999694824
212645.71199035645
199603.4630126953
218586.07499694824
229215.75
208520.57400512695
195849.31999206543
205419.7200012207
228727.14399719238
197668.66899108887
198944.30699157715
199192.72900390625
197423.87799072266
198781.71800231934
211693.85299682617
205782.75399780273
196932.89601135254
196359.71800231934
203001.34899902344
199968.24101257324
199646.1360015869
197816.17100524902
201194.78199768066
198607.0469970703
200107.4349975586
197956.06001281738
195406.60000610352
199255.79598999023
196188.3280029297
196747.470993042
197759.0420074463
198183.9519958496
225799.2850036621
213492.6719970703
200159.11599731445
199430.81700134277
195667.94400024414
200391.26499938965
200828.8860015869
215292.11099243164
199873.39799499512
377172.34799194336
195664.6619873047
228145.3029937744
200358.3699951172
208442.14399719238
200282.66499328613
197295.37100219727
195601.3150024414
196177.50199890137
202587.125
196088.38299560547
197104.70599365234
197494.2080078125
241027.89599609375
196173.51899719238
208563.24600219727
198112.99600219727
199476.4939880371
196040.68299865723
210144.51098632812
196562.6719970703
200413.6840057373
208205.8040008545
200132.43800354004
199629.9340057373
199796.3639984131
201044.27799987793
324552.8869934082
199795.24700927734
344905.4230041504
198937.67399597168
196312.64199829102
197630.1180114746
208573.58599853516
200165.68199157715
208147.55599975586
198077.4459991455
199456.52101135254
195400.59201049805
195520.30000305176
194749.05200195312
200175.1069946289
