432994.8269958496
408868.1839904785
423639.33100891113
410265.97200012207
1235215.1279907227
430153.5050048828
410955.5100097656
407005.4700012207
484983.1560058594
591743.6360015869
403583.0
410916.1259918213
416264.9400024414
407772.18000793457
453471.69499206543
420181.9519958496
403525.1009979248
415859.79501342773
408341.0310058594
420319.11698913574
459403.53900146484
552258.3290100098
405319.6559906006
422011.49800109863
420263.3170013428
415541.25399780273
503256.6780090332
450828.0900115967
402713.90299987793
414586.87799072266
400537.0420074463
407110.09199523926
403952.1779937744
416827.78799438477
418172.358001709
403504.0110015869
403348.1969909668
433204.3679962158
418477.0729980469
397677.83599853516
413830.7870025635
417913.03900146484
442951.67599487305
399103.8399963379
413709.96099853516
426708.90800476074
405294.44400024414
400425.50799560547
417822.3880004883
405936.2809906006
411421.6320037842
405113.62800598145
403841.55101013184
416231.4169921875
399619.89599609375
403974.9470062256
400170.5890045166
418067.2489929199
399627.3690032959
397784.97200012207
404356.0670013428
429340.57499694824
423269.5359954834
424786.3339996338
419936.0429992676
398316.8099975586
416538.2969970703
397043.26399230957
404833.77700805664
410616.1600036621
429739.641998291
425551.57901000977
398065.87199401855
723056.449005127
402781.50999450684
411950.6069946289
418853.09700012207
397843.28999328613
400612.0529937744
403294.7689971924
394039.7689971924
404242.64599609375
426739.36000061035
401813.8679962158
398377.22200012207
453427.3499908447
413346.7900085449
409233.52799987793
482607.94898986816
401448.6020050049
399275.78900146484
413614.9779968262
825012.658996582
413776.52198791504
414864.6380004883
402984.6069946289
398541.27799987793
395166.71800231934
405065.9270019531
596231.4570007324
