492302.49101257324
392574.858001709
395055.7380065918
396412.38999938965
615522.1230010986
404000.3630065918
393489.0010070801
393186.1739959717
1421373.6640014648
402255.3990020752
411257.0890045166
397441.91400146484
422440.1770019531
395631.50399780273
434424.4820098877
415259.3040008545
422926.0599975586
401128.8699951172
452202.34199523926
446438.18699645996
428478.2489929199
925550.9579925537
413995.8209991455
406061.5729980469
398821.8260040283
396813.55699157715
580102.6700134277
391835.5960083008
394640.6059875488
405022.2079925537
392223.9100036621
403080.21701049805
404462.7129974365
422114.37199401855
396331.2389984131
392838.6490020752
450112.91999816895
404911.43800354004
390639.2269897461
391910.11700439453
392089.32901000977
409241.62699890137
394049.4759979248
391971.02099609375
392754.421005249
392960.1730041504
405467.2319946289
392578.8399963379
405583.0949859619
421205.46800231934
430129.703994751
393870.6829986572
396617.7259979248
404903.0579986572
393449.75399780273
415717.25
398188.858001709
403913.0670013428
417604.9049987793
407549.18099975586
394523.69499206543
393074.50199890137
403963.00299072266
406526.92599487305
390669.88899230957
394703.9510040283
418695.88400268555
392394.6029968262
406430.26499938965
1037897.2970123291
425446.1900024414
392832.57499694824
391198.72200012207
410267.2389984131
392035.90100097656
393505.766998291
392220.0709991455
433452.5100097656
405361.4949951172
414370.02799987793
406202.16299438477
418968.3320007324
393070.9410095215
394188.0420074463
648982.921005249
387357.55599975586
392496.921005249
399048.25199890137
407372.41499328613
392594.9760131836
423854.24099731445
407667.141998291
399511.2929992676
391731.7459869385
399425.2490081787
405387.1959991455
404607.1439971924
408288.6549987793
394757.24198913574
454942.75199890137
