209029.56700134277
396814.25399780273
195987.39399719238
199028.11599731445
199455.81999206543
194398.73098754883
194956.6719970703
211367.55700683594
192773.12001037598
195194.2140045166
209115.6139984131
196062.0540008545
195693.78300476074
326102.15798950195
209925.76699829102
198918.3280029297
209381.36099243164
212220.31098937988
195914.34201049805
195187.1609954834
197464.03700256348
205716.26499938965
199514.27500915527
198288.0830078125
198712.43598937988
194846.6189880371
195233.74501037598
194405.50401306152
194617.470993042
195748.6779937744
195563.6719970703
210536.2449951172
230097.625
216691.43901062012
195847.08599853516
290836.4120025635
197201.43399047852
195479.93399047852
195250.71701049805
207497.33799743652
197472.0650024414
219063.57598876953
194456.4160003662
195115.01499938965
194962.97299194336
196593.0530090332
195260.7030029297
195237.30799865723
207771.95599365234
213360.11099243164
207762.31401062012
194407.66999816895
198490.2730102539
195174.09999084473
196184.76599121094
196841.82499694824
195750.00700378418
196396.72900390625
194230.97200012207
234011.8450012207
196211.51400756836
196276.39399719238
209599.19200134277
194693.7380065918
206896.8509979248
209515.1779937744
207229.84899902344
207878.4589996338
206496.5240020752
205699.5719909668
195086.17100524902
196941.83599853516
195944.93299865723
207742.61799621582
196610.86199951172
195129.75399780273
196076.72200012207
203949.43600463867
195786.67098999023
221397.9279937744
198513.4639892578
196813.4700012207
195841.91500854492
195239.47200012207
193273.18000793457
194837.68000793457
194656.93000793457
207863.44200134277
194635.63200378418
208647.89599609375
195707.40699768066
213254.02101135254
207770.62800598145
195972.8690032959
196923.05099487305
195099.30099487305
195401.2269897461
207727.60600280762
197870.43899536133
253662.06600952148
