198805.000000
14.000000
22.000000
22.000000
22.000000
25.000000
28.000000
22.000000
22.000000
22.000000
30.000000
22.000000
2904.000000
22.000000
22.000000
21.000000
22.000000
22.000000
22.000000
22.000000
22.000000
48.000000
22.000000
22.000000
11.000000
22.000000
27.000000
23.000000
22.000000
31.000000
23.000000
29.000000
22.000000
38.000000
22.000000
22.000000
21.000000
31.000000
22.000000
24.000000
24.000000
22.000000
62.000000
22.000000
22.000000
28.000000
22.000000
22.000000
22.000000
39.000000
22.000000
23.000000
70.000000
22.000000
5652.000000
22.000000
22.000000
21.000000
22.000000
22.000000
100.000000
22.000000
11.000000
23.000000
18.000000
22.000000
22.000000
21.000000
21.000000
22.000000
22.000000
22.000000
31.000000
23.000000
22.000000
24.000000
23.000000
23.000000
23.000000
22.000000
22.000000
22.000000
23.000000
23.000000
22.000000
23.000000
22.000000
22.000000
22.000000
22.000000
22.000000
22.000000
23.000000
3020.000000
23.000000
116.000000
22.000000
23.000000
22.000000
22.000000
