398806.000000
18.000000
36.000000
35.000000
36.000000
37.000000
36.000000
714.000000
36.000000
36.000000
80.000000
34.000000
43.000000
36.000000
34.000000
35.000000
34.000000
36.000000
36.000000
36.000000
35.000000
42.000000
36.000000
35.000000
17.000000
37.000000
36.000000
37.000000
35.000000
134.000000
79.000000
54.000000
37.000000
88.000000
36.000000
36.000000
4661.000000
110.000000
35.000000
38.000000
36.000000
36.000000
41.000000
88.000000
86.000000
4340.000000
36.000000
151.000000
35.000000
123.000000
35.000000
36.000000
38.000000
35.000000
149.000000
36.000000
37.000000
36.000000
41.000000
36.000000
38.000000
36.000000
17.000000
165.000000
26.000000
35.000000
35.000000
5071.000000
36.000000
36.000000
87.000000
35.000000
41.000000
37.000000
36.000000
36.000000
39.000000
36.000000
34.000000
45.000000
35.000000
36.000000
36.000000
34.000000
36.000000
5277.000000
35.000000
36.000000
34.000000
36.000000
35.000000
35.000000
36.000000
43.000000
36.000000
41.000000
36.000000
36.000000
131.000000
36.000000
