407426.000000
18.000000
83.000000
37.000000
37.000000
35.000000
86.000000
41.000000
64.000000
124.000000
37.000000
81.000000
36.000000
117.000000
118.000000
93.000000
113.000000
41.000000
134.000000
112.000000
85.000000
105.000000
4940.000000
79.000000
18.000000
38.000000
35.000000
42.000000
116.000000
55.000000
37.000000
37.000000
38.000000
43.000000
110.000000
62.000000
63.000000
38.000000
84.000000
37.000000
36.000000
84.000000
38.000000
38.000000
38.000000
51.000000
83.000000
43.000000
63.000000
41.000000
112.000000
35.000000
36.000000
117.000000
37.000000
88.000000
43.000000
84.000000
36.000000
87.000000
36.000000
42.000000
18.000000
37.000000
27.000000
83.000000
85.000000
39.000000
85.000000
84.000000
42.000000
86.000000
61.000000
38.000000
114.000000
35.000000
5060.000000
37.000000
86.000000
56.000000
88.000000
112.000000
43.000000
86.000000
84.000000
39.000000
87.000000
115.000000
38.000000
156.000000
42.000000
114.000000
112.000000
35.000000
86.000000
36.000000
35.000000
45.000000
5078.000000
110.000000
