221733.000000
244964.000000
241050.000000
240539.000000
238510.000000
240400.000000
241772.000000
240094.000000
245810.000000
239632.000000
239049.000000
238017.000000
246627.000000
254983.000000
240335.000000
241116.000000
240888.000000
239741.000000
244742.000000
240223.000000
233686.000000
235647.000000
236764.000000
245593.000000
244258.000000
236312.000000
245659.000000
240297.000000
239920.000000
246231.000000
235311.000000
233288.000000
243944.000000
237789.000000
243909.000000
232126.000000
238256.000000
239016.000000
243029.000000
232204.000000
238557.000000
246195.000000
237342.000000
238383.000000
232611.000000
243445.000000
243866.000000
237207.000000
239618.000000
247260.000000
248114.000000
238022.000000
238683.000000
243256.000000
259082.000000
243759.000000
249303.000000
232878.000000
240247.000000
239723.000000
238131.000000
251817.000000
239347.000000
240269.000000
235996.000000
239456.000000
238188.000000
232878.000000
249477.000000
242012.000000
238970.000000
237401.000000
240815.000000
245890.000000
234263.000000
234342.000000
234574.000000
237990.000000
246588.000000
237095.000000
241009.000000
245007.000000
239935.000000
237723.000000
239335.000000
350280.000000
241427.000000
249965.000000
244058.000000
241416.000000
239905.000000
244354.000000
236370.000000
237419.000000
253201.000000
240536.000000
236824.000000
240585.000000
233997.000000
245130.000000
