209027.000000
58.000000
68.000000
68.000000
67.000000
2605.000000
108.000000
67.000000
63.000000
51.000000
57.000000
92.000000
69.000000
60.000000
64.000000
58.000000
67.000000
59.000000
68.000000
65.000000
60.000000
63.000000
62.000000
49.000000
99.000000
52.000000
63.000000
63.000000
68.000000
71.000000
107.000000
159.000000
55.000000
63.000000
62.000000
63.000000
69.000000
62.000000
60.000000
64.000000
58.000000
64.000000
65.000000
64.000000
55.000000
65.000000
66.000000
62.000000
58.000000
68.000000
78.000000
75.000000
66.000000
61.000000
61.000000
63.000000
60.000000
2673.000000
62.000000
66.000000
64.000000
47.000000
55.000000
87.000000
63.000000
63.000000
57.000000
52.000000
55.000000
74.000000
66.000000
72.000000
160.000000
66.000000
5454.000000
69.000000
65.000000
64.000000
54.000000
67.000000
61.000000
63.000000
64.000000
69.000000
71.000000
65.000000
60.000000
130.000000
64.000000
76.000000
66.000000
64.000000
64.000000
67.000000
66.000000
70.000000
5359.000000
50.000000
57.000000
57.000000
