25.000000
38.000000
39.000000
39.000000
58.000000
928.000000
38.000000
37.000000
36.000000
36.000000
37.000000
38.000000
37.000000
37.000000
36.000000
36.000000
37.000000
38.000000
37.000000
37.000000
5363.000000
36.000000
36.000000
18.000000
37.000000
728.000000
36.000000
37.000000
46.000000
45.000000
5188.000000
38.000000
57.000000
37.000000
37.000000
35.000000
37.000000
37.000000
101.000000
5262.000000
37.000000
36.000000
37.000000
37.000000
141.000000
37.000000
37.000000
37.000000
47.000000
37.000000
38.000000
117.000000
36.000000
18.000000
37.000000
36.000000
37.000000
41.000000
37.000000
43.000000
36.000000
18.000000
37.000000
32.000000
37.000000
36.000000
37.000000
37.000000
37.000000
37.000000
37.000000
37.000000
39.000000
36.000000
92.000000
38.000000
69.000000
37.000000
37.000000
38.000000
37.000000
38.000000
38.000000
37.000000
38.000000
37.000000
36.000000
38.000000
36.000000
38.000000
36.000000
38.000000
37.000000
37.000000
37.000000
38.000000
43.000000
36.000000
36.000000
37.000000
