531.000000
544.000000
592.000000
546.000000
527.000000
517.000000
528.000000
532.000000
565.000000
521.000000
557.000000
529.000000
543.000000
523.000000
508.000000
524.000000
537.000000
551.000000
522.000000
551.000000
511.000000
525.000000
518.000000
535.000000
535.000000
525.000000
527.000000
606.000000
519.000000
545.000000
521.000000
543.000000
525.000000
533.000000
524.000000
520.000000
558.000000
526.000000
545.000000
521.000000
525.000000
576.000000
527.000000
525.000000
526.000000
531.000000
523.000000
538.000000
526.000000
524.000000
573.000000
528.000000
529.000000
541.000000
540.000000
529.000000
523.000000
521.000000
554.000000
537.000000
531.000000
522.000000
525.000000
518.000000
533.000000
522.000000
571.000000
522.000000
520.000000
521.000000
535.000000
544.000000
526.000000
542.000000
527.000000
524.000000
523.000000
597.000000
534.000000
520.000000
620.000000
545.000000
525.000000
531.000000
570.000000
526.000000
527.000000
530.000000
534.000000
635.000000
521.000000
581.000000
535.000000
549.000000
576.000000
524.000000
532.000000
525.000000
529.000000
525.000000
