198797.000000
198627.000000
240883.000000
200103.000000
199763.000000
200087.000000
210420.000000
195967.000000
198578.000000
205465.000000
200217.000000
199591.000000
208337.000000
196276.000000
195957.000000
212098.000000
200156.000000
195964.000000
206129.000000
221128.000000
209552.000000
211766.000000
196903.000000
204036.000000
199930.000000
195665.000000
200140.000000
209603.000000
197733.000000
208665.000000
196655.000000
200319.000000
197910.000000
199014.000000
197596.000000
197342.000000
209961.000000
209234.000000
195790.000000
195903.000000
197138.000000
195991.000000
197100.000000
199939.000000
197669.000000
197297.000000
200537.000000
235959.000000
196250.000000
196966.000000
197468.000000
210088.000000
214897.000000
198329.000000
205581.000000
195887.000000
199551.000000
195933.000000
201026.000000
201067.000000
196457.000000
196101.000000
198408.000000
199969.000000
196500.000000
197096.000000
196336.000000
204535.000000
212798.000000
200241.000000
209642.000000
196208.000000
196360.000000
195959.000000
196984.000000
196600.000000
204365.000000
196795.000000
196386.000000
197682.000000
197135.000000
199702.000000
196655.000000
199885.000000
196031.000000
208002.000000
200099.000000
197566.000000
208313.000000
196069.000000
197368.000000
200856.000000
200391.000000
201834.000000
196802.000000
208498.000000
197383.000000
198405.000000
196077.000000
196075.000000
