401895.000000
411700.000000
397754.000000
405479.000000
397303.000000
423318.000000
395594.000000
394777.000000
394066.000000
395442.000000
425744.000000
420353.000000
406967.000000
394869.000000
195847.000000
401820.000000
405074.000000
396137.000000
400958.000000
395740.000000
395872.000000
395555.000000
424530.000000
420320.000000
393866.000000
421511.000000
392938.000000
399641.000000
409388.000000
412212.000000
396009.000000
400180.000000
404242.000000
399854.000000
403871.000000
398196.000000
408533.000000
400132.000000
401293.000000
418305.000000
395930.000000
395420.000000
404590.000000
403319.000000
422080.000000
393521.000000
400877.000000
393314.000000
402193.000000
397898.000000
398195.000000
404579.000000
393504.000000
409958.000000
396650.000000
395366.000000
396780.000000
393784.000000
433477.000000
407497.000000
427324.000000
418372.000000
392601.000000
423538.000000
403372.000000
394484.000000
479179.000000
395804.000000
398274.000000
395015.000000
426186.000000
399053.000000
399433.000000
397106.000000
393935.000000
398184.000000
406833.000000
409442.000000
413559.000000
397309.000000
395045.000000
420528.000000
399510.000000
396816.000000
393911.000000
398436.000000
393479.000000
399364.000000
393267.000000
419736.000000
395960.000000
396082.000000
393887.000000
393185.000000
426956.000000
400356.000000
406879.000000
399492.000000
400612.000000
394118.000000
