401923.000000
395513.000000
409410.000000
407760.000000
399229.000000
424794.000000
397743.000000
412663.000000
410704.000000
396442.000000
423432.000000
397797.000000
407510.000000
421449.000000
197219.000000
395579.000000
395842.000000
395147.000000
405829.000000
397434.000000
417248.000000
396113.000000
445338.000000
400065.000000
405984.000000
394275.000000
395634.000000
396739.000000
395659.000000
396163.000000
391355.000000
396554.000000
399161.000000
397681.000000
392258.000000
407129.000000
418540.000000
406525.000000
395232.000000
438534.000000
422129.000000
395335.000000
392724.000000
395652.000000
394990.000000
411019.000000
391995.000000
411294.000000
403638.000000
397369.000000
499914.000000
400516.000000
393160.000000
409993.000000
408344.000000
398467.000000
397229.000000
427397.000000
395418.000000
411030.000000
393047.000000
393062.000000
405785.000000
410630.000000
393977.000000
396610.000000
393775.000000
396998.000000
394005.000000
400134.000000
394662.000000
393264.000000
418140.000000
399835.000000
402295.000000
395083.000000
395495.000000
406023.000000
419352.000000
395554.000000
399749.000000
403406.000000
394877.000000
396399.000000
398155.000000
394541.000000
408412.000000
417189.000000
406402.000000
431079.000000
458862.000000
402192.000000
394204.000000
417826.000000
396872.000000
416333.000000
408341.000000
396484.000000
433656.000000
397159.000000
