395717.000000
394135.000000
442529.000000
400506.000000
397816.000000
399382.000000
407256.000000
391731.000000
397586.000000
404601.000000
400127.000000
399239.000000
407265.000000
197058.000000
393372.000000
409742.000000
399366.000000
395139.000000
414520.000000
420302.000000
406576.000000
407349.000000
396708.000000
398939.000000
397748.000000
392206.000000
400198.000000
413885.000000
394006.000000
409723.000000
404876.000000
398218.000000
393832.000000
395554.000000
394816.000000
395824.000000
405933.000000
418119.000000
405715.000000
392914.000000
392640.000000
407289.000000
393146.000000
437443.000000
394490.000000
394770.000000
396633.000000
431715.000000
391955.000000
394749.000000
395220.000000
416681.000000
415857.000000
396079.000000
411404.000000
391763.000000
400430.000000
392351.000000
398087.000000
401375.000000
403826.000000
392377.000000
394483.000000
395766.000000
422656.000000
394838.000000
406708.000000
416839.000000
408921.000000
397086.000000
406781.000000
420077.000000
393826.000000
392588.000000
394654.000000
393998.000000
405460.000000
393349.000000
405932.000000
396744.000000
393264.000000
400019.000000
394356.000000
396114.000000
391861.000000
405378.000000
398446.000000
393849.000000
405367.000000
493771.000000
401362.000000
398966.000000
398370.000000
400850.000000
393806.000000
407091.000000
407891.000000
394378.000000
418474.000000
394485.000000
